48
315
210
132
124
192
296
400
466
464
392
287
186
122
135
217
324
422
472
452
367
260
164
75
455
472
416
315
210
132
124
192
296
400
466
464
392
287
186
122
135
217
324
422
472
452
367
260
164
5
455
472
416
315
210
132
124
192
296
400
466
464
392
287
186
122
135
217
324
422
472
452
367
260
164
117
266
374
454
471
415
315
211
132
124
191
295
398
465
464
393
288
187
123
134
215
321
420
472
452
368
261
165
117
149
241
348
439
474
435
340
235
146
118
169
268
375
454
471
414
314
210
131
124
192
296
399
465
463
391
287
185
122
134
217
323
421
471
450
366
260
164
117
150
243
350
440
474
433
339
233
145
118
170
270
376
455
470
413
313
208
131
124
193
297
400
465
463
390
285
184
121
135
218
325
421
472
450
365
259
162
116
151
244
351
440
475
433
339
232
145
118
171
271
376
455
470
412
311
207
131
125
194
298
400
465
462
389
285
183
121
136
218
325
422
472
450
364
257
162
116
152
244
351
441
474
432
338
231
144
119
172
272
378
456
471
411
311
206
130
125
195
299
401
466
462
388
284
183
121
137
220
327
423
472
449
362
256
161
116
153
246
353
442
474
431
337
230
144
119
173
273
379
457
470
411
309
206
130
125
196
301
406
471
464
390
284
183
121
138
222
329
427
476
452
364
257
161
117
154
248
355
444
476
432
336
229
143
119
174
274
380
458
470
411
309
204
130
126
197
302
404
468
462
386
282
181
121
137
222
329
425
473
448
361
255
160
116
154
248
356
443
475
430
335
229
143
119
174
275
381
458
470
409
307
203
129
126
198
303
404
467
461
386
280
180
120
138
223
329
426
472
448
360
254
160
117
154
249
355
443
475
430
335
228
142
119
175
275
381
457
469
409
307
203
129
126
198
303
404
467
461
385
280
179
120
138
223
330
426
473
447
360
253
159
116
155
249
356
444
474
429
334
228
142
119
175
276
381
458
469
408
306
202
129
126
198
304
406
467
461
385
279
179
120
138
224
330
427
473
446
359
252
159
116
155
250
357
444
473
429
333
226
142
120
176
277
382
458
469
408
306
201
128
127
199
304
406
468
460
383
279
178
120
139
224
331
427
473
447
359
252
158
116
156
250
358
445
474
429
332
226
141
119
176
278
383
459
469
408
305
201
129
128
202
308
412
473
464
387
280
180
121
141
228
335
432
477
450
361
254
159
117
158
254
362
449
477
432
334
227
142
121
179
281
388
464
473
410
307
202
128
128
203
309
411
473
464
386
279
179
121
141
229
337
433
478
450
361
252
159
117
158
255
363
450
478
431
333
227
141
121
179
281
387
463
472
409
306
201
129
128
204
309
411
472
463
385
278
178
120
142
229
336
432
477
448
359
252
157
117
159
256
363
450
478
430
332
225
140
121
180
283
388
463
472
408
305
201
128
129
203
310
412
472
462
383
277
177
121
142
229
337
432
476
447
357
250
156
116
159
255
362
449
475
428
330
224
141
122
182
286
393
467
476
411
306
202
128
130
205
312
413
473
463
384
277
177
120
143
230
338
434
478
448
357
250
157
116
161
257
364
451
477
429
331
224
140
121
182
284
390
465
472
407
304
199
127
130
205
311
413
473
462
383
276
176
119
143
231
339
435
478
447
357
249
156
117
161
258
366
452
477
428
330
223
139
121
182
285
390
465
472
406
303
199
127
130
206
312
414
473
462
381
274
175
120
144
232
340
434
477
446
356
248
1